
================================================
Read macros from: /home/bczhc/.fldigi/macros/macros.mdf
================================================

<<2025-01-21T13:39Z NAVTEX @ 14070000+0788>>
UE)
(20-41.15N/109-27.42E)
(20-14.59N/110-45.09E)
(22-24.82N/113-14.05E) 4583 5710 9975
6153 1401 6245 9975
NNNN


N/W:
N/W NR035
4727 5300 6226 (12/25) 9976 0589 3189 9976
(1) 2588 (21) 2480 5267 (23) 2480 9976 9986 1795 1920 9987 6544
2151 1601 9986 3189 3152 4258 3111 (116) 9987 6544
1783 (21-58.9N/113-39.6E)
0467 1766 (19-39.6N/112-00.0E) 9975
2151 1601 7022 1653 (437) 4717 9976 5300 6643 (4) 4634 9975
0961 2494 7359 5710 7359 4355 6016 1353 4104 5714 3597 0735 5714 0992
 9975
6153 1401 6245 9975
NNNN


N/W:
N/W NR033
8825 5300 6226 (5/25) 9976 0554 6752 3494 (,)
(2025) 1628 (1) 2588 (19) 2480 (0000) 2514
5267 (1) 2588 (29) 2480 (0000) 2514 9976
9986 3189 3152 4258 3111 (685) 9987 6544 2151 1601 9986 0589 3189 000
3 5714 9987
6544 5261 (19-53.60N/108-52.60E) 1766
(21-40.01N/116-17.92E) 9976
2151 1601 4920 7022 (500) 4717 9976 5300 6643 (3) 4634 9976
5300 4842 (20-12.70N/109-47.50E) 9977
(20-11.00N/110-23.00E) 9977
(20-15.30N/111-1.90E) 5710 9976
0961 2494 7359 5710 7359 4355 6016 1353 4104 5714 3597 0735 5714 0992
 9975
6153 1401 6245 9975
NNNN


N/W:
N/W NR027
4727 5300 6226 (11/25) 9976 0589 3189 9976
(1) 2588 (20) 2480 5267 (23) 2480 9976
9986 1795 3234 9987 6544 2151 1601 9986 0589 3189 0362 5714 9987 1783
(20-20.8N/113-46.5E) 0467 1766
(20-23.4N/115-25.9E) 9975
2151 1601 7022 1653 (250) 4717 5267 (500) 4717 9976
5300 6643 (3) 4634 9975
0961 2494 7359 5710 7359 4355 6016 1353 4104 5714 3597 0735 5714 0992
 9975
6153 1401 6245 9975
NNNN


N/W:
N/W NR032
3234 5300 6226 (7/25) 9976 3796 3068 0656 9976
(1) 2588 (18) 2480 5267 (1) 2588 (29) 2480 9976
3234 1101 2588 0081 3494 3111 2436 4316 7333
5259 2514 5944 0609 4263 4258 7820 7030 1455 4850 6233
3990 3182 2457 1562 9975 0961 2494 7359 5710 7359 4355
6016 1353 5714 3597 0735 5714 0992 9975 6153 1401 6245 9975
NNNN


N/W:
N/W NR031
3234 5300 6226 (6/25) 9976 (2025) 1628 (1) 2588 (15) 2480
5267 (2025) 1628 (6) 2588 (4) 2480 3945 2457 1562 5307
4539 6134 (68) 9977 4727 1639 1558 1562 (8128) 9977
5281 4099 7463 (1) 9977 3796 3189 (23) 0961 3234 1101 2110 6678
3111 2436 4316 7333 5300 6670 3055 1008 3990 3182 2457 1562 9975
0961 2494 7359 5710 7359 4355 6016 1353 5714 3597 0735 5714 0992 9975
6153 1401 6245 9975
NNNN


N/W:
N/W NR030
0589 6752 5300 6226 (3/25)
(1) 9977 0589 3189 9976 2066 5267 (2025) 1628 (1) 2588 (16) 2480 (240
0) 2514 9976 0095 2589 2400 4104 5300 5887 6226 0707 4882 5714 3634 9
980
(2024) 1628 9980 4727 5300 6226 9980 (205) 9976 (206) 9976 (207) 9976
 (208) 9976 (209) 9979 3234 5300 6226 9980 (44) 9976 (53) 9976 (55) 9
976
(65) 9976 (68) 9979 8825 5300 6226 9980 (156) 9976 (157) 9975
(2025) 1628 9980 4727 5300 6226 9980 (2) 9976 (3) 9976 (4) 9976 (5) 9
976 (6) 9976 (7) 9976 (9) 9976 (10) 9976 (11) 9979 3234 5300 6226 998
0 (1) 9976 (2) 9979
8825 5300 6226 9980 (3) 9979
(2) 9977 3137 1942 0057 7309 (:)
9988 (1) 9989 (42) 1131 0110 0355 4104 5300 5887 6226 0707 6639 6665 
0554 2435 4252 1032 2429 9977 2477 4848 7193 6114 9977 (NBDP) 9977
(NAVTEX) 2057 (SAFETYNET) 2330 4099 9975
9988 (2) 9989 2076 2589 2589 2400 5300 5887 6226 0707 4104 1346 2419 
2429 2609 9976 0545 2161 0008 0375 2330 4099 4104 0355 1369 9976 0971
 0668 0961
0074 6639 6663 6551 6752 3189 0057 1444 1351 4986 9986 5300 5887 1344
 0356 9987 2936 3752 0648 9975
(3) 9977 2327 6906 0589 6752 5300 6226 (2/25) 9975
NNNN


N/W:
N/W NR029
3234 5300 6226 (5/25) 9976 3796 3068 0656 9976
(2025) 1628 (1) 2588 (18) 2480 5267 (2025) 1628
(12) 2588 (31) 2480 9976 1129 6980 3494 4316 7333 3055 1008
7030 1455 3263 3069 4850 6233 3990 3182 2457 1562 9975 6153 1401 6245
 9975
NNNN


N/W:
N/W NR022
4727 5300 6226 (8/25) 9976 0589 3189 9976
3089 5307 1571 2419 7555 2092 2318 3237 7110 9976
2327 6906 4727 5300 6226 (190/24) 9975
1585 0677 5300 5307 3137 1942 9975
NNNN


N/W:
N/W NR021
4727 5300 6226 (9/25) 9976 0589 3189 9976
3390 1558 3263 0361 3938 5300 6670
(14) 5714 3597 3187 2871
9988 5300 2871 4882 5714 9980 (4011.24) 9989 3597 2665 0016 1136 9979
(16) 5714 3597 3187 2871
9988 5300 2871 4882 5714 9980 (4011.26) 9989 3597 0892 0008 0081 9979
(20) 5714 3597 3187 2871
9988 5300 2871 4882 5714 9980 (4011.3) 9989 3597 0892 0008 0081
0011 (AIS) 0207 5714 4972 1136 9975 1585 0677 5300 5307 3137 1942 997
5
NNNN


N/W:
N/W NR020
4727 5300 6226 (7/25) 9976 0589 3189 9976
(1) 2588 (6) 2480 5267 (2) 2588 (28) 2480 9976
9986 3189 3152 4258 3111 (709) 9987 6544 9977
9986 3189 3152 4258 3111 (708) 9987 6544 0961 0110 0007
(4) 7820 6647 4848 3055 1008 5400 0953 0355
6651 5887 0522 1390 0155 2814 9980
(1) (21-27.8N/114-44.7E) 9979
(2) (21-27.9N/114-48.0E) 9979
(3) (21-20.4N/114-48.1E) 9979
(4) (21-20.3N/114-44.8E) 9975
1585 0677 5300 5307 3137 1942 9975
NNNN


N/W:
N/W NR019
4727 5300 6226 (6/25) 9976 0589 3189 9976
(2025) 1628 (1) 2588 (2) 2480 5267 (3) 2588 (1) 2480 9976
0110 (21-25.5N/115-00.6E) 3634 0955 1800 9977
0584 1777 (200) 4717 4104 3055 1008 5400 0953 0355
6651 5887 9449 0064 0155 2814 9975 4391 2972 6651 0354 9975
NNNN


N/W:
N/W NR017
4727 5300 6226 (214/24) 9976 0589 3189 9976
(2024) 1628 (12) 2588 (18) 2480 5267
(2026) 1628 9976 0110 0007 (4) 7820 6647 4848
3055 1008 5400 0953 0355 6651 5887 3055 0006 0155 2814 9980
9988 (1) 9989 (21-10.5N/112-10.0E)
9988 (2) 9989 (21-10.5N/112-17.1E)
9988 (3) 9989 (21-04.4N/112-17.1E)
9988 (4) 9989 (21-04.4N/112-10.0E) 9975
1585 0677 5300 5307 6699 6245 9975
NNNN

2017 XSQ CN
2025-01-21 21:56:47
DE XSQ